12 4 
6 11 
15 9 
9 3 
9 1 
10 14 
14 5 
13 16 
15 8 
11 12 
13 6 
13 7 
2 12 
11 11 
6 3 
15 1 
6 4 
12 5 
13 4 
7 5 
4 16 
3 1 
5 15 
16 3 
6 10 
14 3 
15 10 
9 1 
5 3 
11 10 
5 9 
11 11 
13 6 
15 9 
9 5 
13 12 
4 15 
13 8 
14 12 
10 3 
6 7 
5 4 
16 14 
4 5 
16 14 
14 5 
7 8 
15 3 
13 13 
11 5 
1 7 
1 4 
6 13 
12 3 
8 5 
5 13 
12 10 
1 11 
7 4 
15 6 
2 13 
10 8 
4 8 
10 1 
4 4 
5 4 
10 5 
8 15 
1 3 
1 9 
7 6 
5 2 
15 5 
13 5 
9 11 
10 10 
7 4 
1 11 
11 10 
11 15 
13 15 
2 6 
4 9 
5 4 
11 5 
12 2 
10 1 
3 8 
5 15 
12 13 
10 6 
6 16 
9 6 
10 3 
15 4 
1 11 
3 3 
1 6 
11 5 
9 6 
9 5 
7 3 
5 9 
10 9 
8 6 
6 